image_width: 128
image_height: 128
camera_name: eDVS128-_dev_ttyUSB1
camera_matrix:
  rows: 3
  cols: 3
  data: [74.50224208036924, 0, 60.87542653135845, 0, 70.23158253800226, 43.36655890920656, 0, 0, 1]
distortion_model: plumb_bob
distortion_coefficients:
  rows: 1
  cols: 5
  data: [-0.06283913031699002, -0.00109294832664307, 0.01937351811367829, -6.959416008378656e-05, 0]
rectification_matrix:
  rows: 3
  cols: 3
  data: [0.9999398785188365, 0.00792405744316611, 0.007579489519218119, -0.007944584806704713, 0.9999648445686289, 0.002682013998289793, -0.007557970626008669, -0.002742068648912688, 0.9999676785474323]
projection_matrix:
  rows: 3
  cols: 4
  data: [62.9018579760043, 0, 60.33277082443237, 0, 0, 62.9018579760043, 45.90058708190918, 0, 0, 0, 1, 0]