image_width: 128
image_height: 128
camera_name: eDVS128-_dev_ttyUSB0
camera_matrix:
  rows: 3
  cols: 3
  data: [74.50224208036924, 0, 60.87542653135845, 0, 70.23158253800226, 43.36655890920656, 0, 0, 1]
distortion_model: plumb_bob
distortion_coefficients:
  rows: 1
  cols: 5
  data: [-0.06283913031699002, -0.00109294832664307, 0.01937351811367829, -6.959416008378656e-05, 0]
rectification_matrix:
  rows: 3
  cols: 3
  data: [0.9998469544930986, 0.01472721104274578, -0.00944334928814747, -0.01475276899473933, 0.9998876801323617, -0.002642522755235029, 0.009403371622103763, 0.002781433879585116, 0.9999519189579618]
projection_matrix:
  rows: 3
  cols: 4
  data: [62.9018579760043, 0, 60.33277082443237, -7.998180116437814, 0, 62.9018579760043, 45.90058708190918, 0, 0, 0, 1, 0]